1.250000000000000000e+10 1.910613684134284540e+02 1.931843659301023308e+02 1.921166936691110152e+02
1.224747474747474670e+10 1.949618234959541212e+02 1.972043821139141357e+02 1.960762294758812914e+02
1.199494949494949532e+10 1.990302376475099493e+02 2.013895899387733834e+02 2.002023762038493544e+02
1.174242424242424202e+10 2.032746773632908059e+02 2.057534994651943236e+02 2.045058735027223236e+02
1.148989898989899063e+10 2.077055216923561716e+02 2.103091462871260546e+02 2.089984040960580103e+02
1.123737373737373734e+10 2.123346153586483638e+02 2.150701841300955266e+02 2.136926995954331403e+02
1.098484848484848404e+10 2.171751270189667764e+02 2.200512769032474409e+02 2.186026608848566752e+02
1.073232323232323265e+10 2.222415805017213017e+02 2.252683462361398483e+02 2.237434954704049801e+02
1.047979797979797935e+10 2.275499567517548769e+02 2.307387862393792375e+02 2.291318746506515822e+02
1.022727272727272797e+10 2.331178387862174191e+02 2.364816811489315000e+02 2.347861139261411836e+02
9.974747474747474670e+09 2.389645919731912898e+02 2.425180422133283287e+02 2.407263807566753258e+02
9.722222222222221375e+09 2.451115791507845074e+02 2.488710744681297058e+02 2.469749346266298460e+02
9.469696969696969986e+09 2.515824135497864518e+02 2.555664826405052850e+02 2.535564054336909976e+02
9.217171717171716690e+09 2.584032547254947758e+02 2.626328258053914624e+02 2.604981175308756747e+02
8.964646464646465302e+09 2.656031546377789709e+02 2.701019317993047935e+02 2.678304683982735810e+02
8.712121212121212006e+09 2.732144630342025948e+02 2.780093845831617614e+02 2.755873729954819282e+02
8.459595959595959663e+09 2.812733036183706190e+02 2.863951007597622151e+02 2.838067874754053719e+02
8.207070707070707321e+09 2.898201353111242611e+02 2.953040154586360586e+02 2.925313292950274331e+02
7.954545454545454979e+09 2.989004164309054090e+02 3.047869030811237963e+02 3.018090150680548618e+02
7.702020202020201683e+09 3.085653940662468813e+02 3.149013653679581353e+02 3.116941430793302175e+02
7.449494949494949341e+09 3.188730465884480054e+02 3.257130285072403808e+02 3.222483546483324517e+02
7.196969696969696999e+09 3.298892145530903690e+02 3.372970033971778889e+02 3.335419180793826399e+02
6.944444444444444656e+09 3.416889646965330485e+02 3.497396799477174909e+02 3.456552915943812536e+02
6.691919191919192314e+09 3.543582440669400171e+02 3.631409492461023092e+02 3.586810385751170998e+02
6.439393939393939972e+09 3.679958975180288689e+02 3.776169791839420213e+02 3.727261913102663016e+02
6.186868686868686676e+09 3.827161431771164644e+02 3.933037137469272579e+02 3.879151906519124964e+02
5.934343434343434334e+09 3.986516289191028477e+02 4.103613297221152720e+02 4.043935720582238673e+02
5.681818181818181992e+09 4.159572308706851800e+02 4.289799766276010473e+02 4.223326286578733288e+02
5.429292929292929649e+09 4.348148060257429393e+02 4.493872614287082570e+02 4.419353670883359655e+02
5.176767676767677307e+09 4.554391799634993845e+02 4.718581439033786182e+02 4.634441939798996373e+02
4.924242424242424011e+09 4.780857439263298829e+02 4.967282229681746344e+02 4.871509488357320947e+02
4.671717171717171669e+09 5.030601617786284123e+02 5.244118907137431052e+02 5.134101624501098513e+02
4.419191919191919327e+09 5.307308576562950293e+02 5.554276375803752899e+02 5.426568170846855992e+02
4.166666666666666985e+09 5.615451823165913083e+02 5.904341469279962666e+02 5.754304951308148475e+02
3.914141414141414642e+09 5.960504523529190237e+02 6.302831812848622803e+02 6.124087621887362047e+02
3.661616161616161346e+09 6.349214243546148282e+02 6.760995760869865308e+02 6.544541740760963648e+02
3.409090909090909958e+09 6.789961769943489571e+02 7.294069557640168568e+02 7.026818482927689047e+02
3.156565656565656662e+09 7.293227120570061288e+02 7.923348071355413822e+02 7.585588838679765331e+02
2.904040404040403366e+09 7.872185155921972637e+02 8.679803031293411095e+02 8.240545607664405452e+02
2.651515151515151978e+09 8.543439864999882047e+02 9.610907653288634265e+02 9.018742358124325165e+02
2.398989898989898682e+09 9.327860112555716796e+02 1.079490625172375985e+03 9.958365655159830112e+02
2.146464646464647293e+09 1.025135567790363439e+03 1.237537129070270339e+03 1.111507329028394679e+03
1.893939393939393997e+09 1.134514319198151725e+03 1.466642881494791936e+03 1.257317301874639270e+03
1.641414141414140701e+09 1.264446631754767395e+03 1.864363524463829890e+03 1.446651841516089689e+03
1.388888888888889313e+09 1.418381584500376903e+03 3.968177933390443286e+03 1.702042721950771920e+03
1.136363636363636017e+09 1.598610427153453202e+03 3.878729946579450825e+03 2.064339508252307496e+03
8.838383838383846283e+08 1.804558501649141135e+03 3.386141254392935480e+03 2.615023408745016241e+03
6.313131313131313324e+08 2.031319261483137097e+03 3.050993078270301794e+03 3.537406685158202436e+03
3.787878787878799438e+08 2.270248134819841198e+03 2.765824674305490589e+03 5.292357343927800684e+03
1.262626262626266479e+08 2.512162057270867990e+03 2.504643941066189655e+03 8.576042706525100584e+03
-1.262626262626266479e+08 2.750515231452117405e+03 2.260677039749536561e+03 8.576042706525100584e+03
-3.787878787878780365e+08 2.982041291942782664e+03 2.033696214478893125e+03 5.292357343927819784e+03
-6.313131313131313324e+08 3.205625183943068350e+03 1.825482106657064378e+03 3.537406685158202436e+03
-8.838383838383827209e+08 3.421149480865250553e+03 1.637690645967788896e+03 2.615023408745021698e+03
-1.136363636363636017e+09 3.628881467552469530e+03 1.470942048557500812e+03 2.064339508252307496e+03
-1.388888888888889313e+09 3.829228367569110560e+03 1.324681830146448874e+03 1.702042721950771920e+03
-1.641414141414140701e+09 4.022647324936152017e+03 1.197450652864227550e+03 1.446651841516089689e+03
-1.893939393939393997e+09 4.209608477349333953e+03 1.087273112144684774e+03 1.257317301874639270e+03
-2.146464646464645386e+09 4.390576203788712519e+03 9.919972174525572655e+02 1.111507329028395588e+03
-2.398989898989898682e+09 4.565998204354447807e+03 9.095258202334024418e+02 9.958365655159830112e+02
-2.651515151515151978e+09 4.736299175005064171e+03 8.379449530383791398e+02 9.018742358124325165e+02
-2.904040404040403366e+09 4.901877617809769617e+03 7.755772231731207285e+02 8.240545607664405452e+02
-3.156565656565656662e+09 5.063104810852711125e+03 7.209892097349564892e+02 7.585588838679765331e+02
-3.409090909090908051e+09 5.220325198992743935e+03 6.729746232317741033e+02 7.026818482927693594e+02
-3.661616161616161346e+09 5.373857658288500716e+03 6.305271358233424053e+02 6.544541740760963648e+02
-3.914141414141414642e+09 5.523997249230863417e+03 5.928107850148019224e+02 6.124087621887362047e+02
-4.166666666666666031e+09 5.671017201633846526e+03 5.591319431624783647e+02 5.754304951308149612e+02
-4.419191919191919327e+09 5.815170967799134814e+03 5.289145473742843251e+02 5.426568170846855992e+02
-4.671717171717170715e+09 5.956694246016497345e+03 5.016790447992369195e+02 5.134101624501099650e+02
-4.924242424242424011e+09 6.095806920539876046e+03 4.770249007801189123e+02 4.871509488357320947e+02
-5.176767676767677307e+09 6.232714893100604968e+03 4.546162619490586394e+02 4.634441939798996373e+02
-5.429292929292930603e+09 6.367611799702174721e+03 4.341702945651576897e+02 4.419353670883359086e+02
-5.681818181818180084e+09 6.500680618469646106e+03 4.154477347094655215e+02 4.223326286578734425e+02
-5.934343434343433380e+09 6.632095182304603441e+03 3.982452399118802191e+02 4.043935720582239242e+02
-6.186868686868686676e+09 6.762021615861568534e+03 3.823891951497237756e+02 3.879151906519124964e+02
-6.439393939393939972e+09 6.890619721392120482e+03 3.677306875323424151e+02 3.727261913102663016e+02
-6.691919191919193268e+09 7.018044343572779326e+03 3.541414182693515613e+02 3.586810385751170429e+02
-6.944444444444442749e+09 7.144446751034514818e+03 3.415103662783311620e+02 3.456552915943813673e+02
-7.196969696969696045e+09 7.269976084099880609e+03 3.297410552973423137e+02 3.335419180793826968e+02
-7.449494949494949341e+09 7.394780937990282837e+03 3.187493066017491969e+02 3.222483546483324517e+02
-7.702020202020202637e+09 7.519011186204606929e+03 3.084613835475539645e+02 3.116941430793302175e+02
-7.954545454545455933e+09 7.642820217290808614e+03 2.988124532964912987e+02 3.018090150680548618e+02
-8.207070707070705414e+09 7.766367904342298061e+03 2.897453062072777925e+02 2.925313292950275468e+02
-8.459595959595958710e+09 7.889824980791383496e+03 2.812092853274342019e+02 2.838067874754054287e+02
-8.712121212121212006e+09 8.013380516102738511e+03 2.731593878619629550e+02 2.755873729954819282e+02
-8.964646464646465302e+09 8.137257921504334263e+03 2.655555079649349182e+02 2.678304683982735810e+02
-9.217171717171718597e+09 8.261764893317726091e+03 2.583617961214741854e+02 2.604981175308756747e+02
-9.469696969696968079e+09 8.387649020537044635e+03 2.515461150934916645e+02 2.535564054336910544e+02
-9.722222222222221375e+09 4.838904220501677287e+02 2.450795761532999393e+02 2.469749346266298460e+02
-9.974747474747474670e+09 3.430167049592361082e+02 2.389361423280368797e+02 2.407263807566753258e+02
-1.022727272727272797e+10 2.909915589893032006e+02 2.330922877835760971e+02 2.347861139261411836e+02
-1.047979797979798126e+10 2.631791885877938171e+02 2.275267044131242926e+02 2.291318746506515538e+02
-1.073232323232323074e+10 2.455422677009680399e+02 2.222200482601423346e+02 2.237434954704050085e+02
-1.098484848484848404e+10 2.331047032337093583e+02 2.171547196734804572e+02 2.186026608848566752e+02
-1.123737373737373734e+10 2.236434292709849387e+02 2.123146721245068420e+02 2.136926995954331403e+02
-1.148989898989899063e+10 2.160208399893626279e+02 2.076852454585414023e+02 2.089984040960580103e+02
-1.174242424242424011e+10 2.096010831956473623e+02 2.032530200432761376e+02 2.045058735027223520e+02
-1.199494949494949341e+10 2.040062995051353028e+02 1.990056888445263894e+02 2.002023762038493828e+02
-1.224747474747474670e+10 1.990016035545467332e+02 1.949319449280254162e+02 1.960762294758812914e+02
-1.250000000000000000e+10 1.944357737664171282e+02 1.910213822737027272e+02 1.921166936691110152e+02
