1.250000000000000000e+10 1.003321154299327209e-02
1.224747474747474670e+10 1.003459224979704432e-02
1.199494949494949532e+10 1.003606081492900044e-02
1.174242424242424202e+10 1.003762484786878580e-02
1.148989898989899063e+10 1.003929279943252886e-02
1.123737373737373734e+10 1.004107407582057951e-02
1.098484848484848404e+10 1.004297917110125692e-02
1.073232323232323265e+10 1.004501982161369426e-02
1.047979797979797935e+10 1.004720918653025270e-02
1.022727272727272797e+10 1.004956205976375791e-02
9.974747474747474670e+09 1.005209511958913594e-02
9.722222222222221375e+09 1.005482722384135053e-02
9.469696969696969986e+09 1.005777976044225190e-02
9.217171717171716690e+09 1.006097706541803083e-02
8.964646464646465302e+09 1.006444692365709125e-02
8.712121212121212006e+09 1.006822117164128498e-02
8.459595959595959663e+09 1.007233642655555594e-02
8.207070707070707321e+09 1.007683497294328823e-02
7.954545454545454979e+09 1.008176584698121034e-02
7.702020202020201683e+09 1.008718617026966961e-02
7.449494949494949341e+09 1.009316280085427800e-02
7.196969696969696999e+09 1.009977439054986041e-02
6.944444444444444656e+09 1.010711396672925311e-02
6.691919191919192314e+09 1.011529219675953023e-02
6.439393939393939972e+09 1.012444154889585203e-02
6.186868686868686676e+09 1.013472164162680308e-02
5.934343434343434334e+09 1.014632618465777757e-02
5.681818181818181992e+09 1.015949207487417544e-02
5.429292929292929649e+09 1.017451144446263056e-02
5.176767676767677307e+09 1.019174780481828940e-02
4.924242424242424011e+09 1.021165795133482067e-02
4.671717171717171669e+09 1.023482209260709840e-02
4.419191919191919327e+09 1.026198591296971323e-02
4.166666666666666985e+09 1.029412025950243378e-02
3.914141414141414642e+09 1.033250737002933822e-02
3.661616161616161346e+09 1.037886793564568935e-02
3.409090909090909958e+09 1.043555249781969591e-02
3.156565656565656662e+09 1.050583691649079054e-02
2.904040404040403366e+09 1.059439123742212524e-02
2.651515151515151978e+09 1.070804724349305043e-02
2.398989898989898682e+09 1.085710026872120475e-02
2.146464646464647293e+09 1.105760874182934277e-02
1.893939393939393997e+09 1.133565190885991482e-02
1.641414141414140701e+09 1.173565994136152937e-02
1.388888888888889313e+09 1.233781259086532550e-02
1.136363636363636017e+09 1.329735065826294013e-02
8.838383838383846283e+08 1.494225233965152874e-02
6.313131313131313324e+08 1.804353059352417632e-02
3.787878787878799438e+08 2.459477095702518323e-02
1.262626262626266479e+08 3.775998030337378297e-02
-1.262626262626266479e+08 3.775998030337378991e-02
-3.787878787878780365e+08 2.459477095702525956e-02
-6.313131313131313324e+08 1.804353059352417979e-02
-8.838383838383827209e+08 1.494225233965154435e-02
-1.136363636363636017e+09 1.329735065826294013e-02
-1.388888888888889313e+09 1.233781259086532724e-02
-1.641414141414140701e+09 1.173565994136153111e-02
-1.893939393939393997e+09 1.133565190885991482e-02
-2.146464646464645386e+09 1.105760874182934624e-02
-2.398989898989898682e+09 1.085710026872120475e-02
-2.651515151515151978e+09 1.070804724349305216e-02
-2.904040404040403366e+09 1.059439123742212524e-02
-3.156565656565656662e+09 1.050583691649079054e-02
-3.409090909090908051e+09 1.043555249781969764e-02
-3.661616161616161346e+09 1.037886793564568935e-02
-3.914141414141414642e+09 1.033250737002933996e-02
-4.166666666666666031e+09 1.029412025950243378e-02
-4.419191919191919327e+09 1.026198591296971323e-02
-4.671717171717170715e+09 1.023482209260710013e-02
-4.924242424242424011e+09 1.021165795133482067e-02
-5.176767676767677307e+09 1.019174780481828940e-02
-5.429292929292930603e+09 1.017451144446263056e-02
-5.681818181818180084e+09 1.015949207487417544e-02
-5.934343434343433380e+09 1.014632618465777757e-02
-6.186868686868686676e+09 1.013472164162680308e-02
-6.439393939393939972e+09 1.012444154889585203e-02
-6.691919191919193268e+09 1.011529219675953023e-02
-6.944444444444442749e+09 1.010711396672925311e-02
-7.196969696969696045e+09 1.009977439054986041e-02
-7.449494949494949341e+09 1.009316280085427973e-02
-7.702020202020202637e+09 1.008718617026966961e-02
-7.954545454545455933e+09 1.008176584698121034e-02
-8.207070707070705414e+09 1.007683497294328823e-02
-8.459595959595958710e+09 1.007233642655555768e-02
-8.712121212121212006e+09 1.006822117164128498e-02
-8.964646464646465302e+09 1.006444692365709125e-02
-9.217171717171718597e+09 1.006097706541803083e-02
-9.469696969696968079e+09 1.005777976044225190e-02
-9.722222222222221375e+09 1.005482722384135053e-02
-9.974747474747474670e+09 1.005209511958913594e-02
-1.022727272727272797e+10 1.004956205976375791e-02
-1.047979797979798126e+10 1.004720918653025270e-02
-1.073232323232323074e+10 1.004501982161369426e-02
-1.098484848484848404e+10 1.004297917110125692e-02
-1.123737373737373734e+10 1.004107407582057951e-02
-1.148989898989899063e+10 1.003929279943252886e-02
-1.174242424242424011e+10 1.003762484786878580e-02
-1.199494949494949341e+10 1.003606081492900044e-02
-1.224747474747474670e+10 1.003459224979704606e-02
-1.250000000000000000e+10 1.003321154299327209e-02
