2.880000000000000000e+03 1.550777930000064089e+03 2.220000001216249075e-03
2.885000000000000000e+03 1.550777930000064089e+03 1.110000000608124537e-03
2.890000000000000000e+03 1.550778300000064291e+03 1.110000000608124537e-03
2.895000000000000000e+03 1.550778670000064494e+03 7.400000004054163583e-04
2.900000000000000000e+03 1.550779040000064697e+03 1.813000000993270078e-02
2.905000000000000000e+03 1.550778670000064494e+03 1.850000001013540896e-02
2.910000000000000000e+03 1.550797170000074630e+03 7.400000004054163583e-04
2.915000000000000000e+03 1.550797170000074630e+03 1.480000000810832717e-03
2.920000000000000000e+03 1.550796430000074224e+03 1.480000000810832717e-03
2.925000000000000000e+03 1.550796430000074224e+03 1.480000000810832717e-03
2.930000000000000000e+03 1.550796430000074224e+03 1.110000000608124537e-03
2.935000000000000000e+03 1.550796800000074427e+03 1.924000001054082531e-02
2.945000000000000000e+03 1.550777930000064089e+03 1.813000000993270078e-02
2.950000000000000000e+03 1.550777930000064089e+03 1.480000000810832717e-03
2.955000000000000000e+03 1.550777930000064089e+03 7.400000004054163583e-04
