3.132000000000000000e+03 1.552321260000004713e+03 1.708000000144238584e-02
3.136000000000000000e+03 1.552321260000004713e+03 3.233000000273023034e-02
3.138000000000000000e+03 1.552338340000006156e+03 2.257000000190600986e-02
3.140000000000000000e+03 1.552339560000006259e+03 4.758000000401807483e-02
3.142000000000000000e+03 1.552338340000006156e+03 4.148000000350293703e-02
3.144000000000000000e+03 1.552338950000006207e+03 5.307000000448169885e-02
3.146000000000000000e+03 1.552338950000006207e+03 2.257000000190600986e-02
3.148000000000000000e+03 1.552368840000008731e+03 4.026000000339990947e-02
3.150000000000000000e+03 1.552338950000006207e+03 3.477000000293628545e-02
3.152000000000000000e+03 1.552368840000008731e+03 2.989000000252417522e-02
3.154000000000000000e+03 1.552368840000008731e+03 3.111000000262720278e-02
3.156000000000000000e+03 1.552369450000008783e+03 4.026000000339990947e-02
3.158000000000000000e+03 1.552369450000008783e+03 4.209000000355445081e-02
3.160000000000000000e+03 1.552406050000011874e+03 1.098000000092724804e-02
3.162000000000000000e+03 1.552406660000011925e+03 1.525000000128784450e-02
3.164000000000000000e+03 1.552407880000012028e+03 6.100000000515137799e-03
3.166000000000000000e+03 1.552407880000012028e+03 1.891000000159692718e-02
3.168000000000000000e+03 1.552408490000012080e+03 1.647000000139087206e-02
3.170000000000000000e+03 1.552444480000015119e+03 1.030900000087058288e-01
3.172000000000000000e+03 1.552445090000015171e+03 6.710000000566651579e-03
3.174000000000000000e+03 1.552444480000015119e+03 7.747000000654225005e-02
3.176000000000000000e+03 1.552445700000015222e+03 6.832000000576954335e-02
3.178000000000000000e+03 1.552445090000015171e+03 3.843000000324536813e-02
3.180000000000000000e+03 1.552445700000015222e+03 4.270000000360596459e-02
3.182000000000000000e+03 1.552446920000015325e+03 6.100000000515137799e-03
3.184000000000000000e+03 1.552446920000015325e+03 1.140700000096330768e-01
3.186000000000000000e+03 1.552446920000015325e+03 7.930000000669679139e-02
3.188000000000000000e+03 1.552446920000015325e+03 2.745000000231812010e-02
3.190000000000000000e+03 1.552446310000015274e+03 8.235000000695436029e-02
3.192000000000000000e+03 1.552445090000015171e+03 8.540000000721192919e-03
3.194000000000000000e+03 1.552446310000015274e+03 5.429000000458472641e-02
3.196000000000000000e+03 1.552445700000015222e+03 5.917000000499683665e-02
3.198000000000000000e+03 1.552445700000015222e+03 4.087000000345142325e-02
3.200000000000000000e+03 1.552445090000015171e+03 5.551000000468775397e-02
3.202000000000000000e+03 1.552444480000015119e+03 3.721000000314234057e-02
3.204000000000000000e+03 1.552444480000015119e+03 4.575000000386353349e-02
3.206000000000000000e+03 1.552444480000015119e+03 3.477000000293628545e-02
3.208000000000000000e+03 1.552443260000015016e+03 3.721000000314234057e-02
3.210000000000000000e+03 1.552443870000015067e+03 3.599000000303931301e-02
3.212000000000000000e+03 1.552405440000011822e+03 1.159000000097876182e-02
3.214000000000000000e+03 1.552405440000011822e+03 1.342000000113330316e-02
3.216000000000000000e+03 1.552405440000011822e+03 1.586000000133935828e-02
3.218000000000000000e+03 1.552368230000008680e+03 4.270000000360596459e-02
3.220000000000000000e+03 1.552367620000008628e+03 2.501000000211206498e-02
3.222000000000000000e+03 1.552367010000008577e+03 3.721000000314234057e-02
3.224000000000000000e+03 1.552368230000008680e+03 1.830000000154541340e-03
3.226000000000000000e+03 1.552337730000006104e+03 2.745000000231812010e-02
3.228000000000000000e+03 1.552338340000006156e+03 1.525000000128784450e-02
3.230000000000000000e+03 1.552337730000006104e+03 1.098000000092724804e-02
3.232000000000000000e+03 1.552336510000006001e+03 3.111000000262720278e-02
3.234000000000000000e+03 1.552337120000006053e+03 3.477000000293628545e-02
3.236000000000000000e+03 1.552315770000004250e+03 1.037000000087573426e-02
3.238000000000000000e+03 1.552314550000004147e+03 6.100000000515137799e-02
3.240000000000000000e+03 1.552316380000004301e+03 4.270000000360596459e-02
3.244000000000000000e+03 1.552315770000004250e+03 3.721000000314234057e-02
3.252000000000000000e+03 1.552307230000003528e+03 4.453000000376050593e-02
